1 0.516667 0.499537 0.091667 0.200926
1 0.693490 0.715278 0.093229 0.134259
1 0.578906 0.742130 0.099479 0.197222
3 0.186719 0.410185 0.057813 0.118519
3 0.063542 0.339815 0.041667 0.064815
3 0.107552 0.539815 0.048438 0.038889
1 0.324219 0.357870 0.042188 0.084259
1 0.255729 0.616204 0.043750 0.167593
0 0.285677 0.789815 0.064062 0.140741
2 0.067708 0.443519 0.034375 0.074074
2 0.196615 0.585648 0.044271 0.078704
2 0.170313 0.566667 0.025000 0.062963
2 0.075000 0.541204 0.023958 0.082407
2 0.288802 0.649074 0.022396 0.081481
2 0.314323 0.630556 0.026562 0.066667
2 0.450521 0.807407 0.048958 0.127778
2 0.410417 0.918981 0.030208 0.134259
1 0.364583 0.487037 0.121875 0.220370
3 0.152604 0.716204 0.028125 0.063889
1 0.178125 0.687500 0.056250 0.063889
3 0.125781 0.348148 0.035937 0.035185
1 0.443750 0.681944 0.111458 0.147222
3 0.541667 0.946296 0.059375 0.090741
3 0.490104 0.901389 0.050000 0.078704
