1 0.834375 0.801852 0.128125 0.129630
1 0.711979 0.812963 0.107292 0.240741
1 0.644792 0.543056 0.090625 0.191667
1 0.400781 0.401852 0.061979 0.098148
3 0.261719 0.437963 0.046354 0.116667
3 0.226562 0.459259 0.048958 0.142593
3 0.156250 0.384722 0.043750 0.076852
3 0.104948 0.374074 0.041146 0.068519
3 0.081510 0.206944 0.041146 0.067593
3 0.136719 0.566204 0.026562 0.047222
3 0.193490 0.764352 0.022396 0.082407
0 0.348958 0.845370 0.067708 0.142593
1 0.455208 0.550463 0.134375 0.271296
0 0.804948 0.236574 0.151562 0.149074
2 0.555208 0.868519 0.043750 0.140741
2 0.505729 0.846759 0.037500 0.112037
2 0.498437 0.951852 0.032292 0.068519
2 0.308073 0.465278 0.025521 0.076852
2 0.112240 0.467593 0.041146 0.072222
2 0.110677 0.556944 0.029687 0.097222
2 0.252083 0.629167 0.035417 0.089815
2 0.230469 0.599537 0.044271 0.056481
2 0.379167 0.681019 0.044792 0.062037
1 0.327604 0.655093 0.057292 0.169444
1 0.259375 0.735648 0.055208 0.069444
