3 0.481250 0.131481 0.041667 0.092593
3 0.460677 0.039352 0.041146 0.071296
3 0.516667 0.238889 0.025000 0.100000
3 0.612240 0.697222 0.048438 0.075926
3 0.611979 0.774537 0.035417 0.093519
3 0.462500 0.494444 0.039583 0.066667
3 0.508073 0.536574 0.025521 0.065741
1 0.496094 0.437037 0.076563 0.137037
1 0.552865 0.540278 0.049479 0.102778
1 0.581510 0.493519 0.064062 0.100000
1 0.680469 0.431019 0.110937 0.215741
1 0.903906 0.712500 0.158854 0.215741
3 0.454688 0.637037 0.019792 0.040741
2 0.507031 0.692130 0.031771 0.123148
2 0.489063 0.816667 0.036458 0.122222
2 0.544792 0.713426 0.037500 0.080556
2 0.653906 0.757870 0.030729 0.119444
2 0.815365 0.948611 0.080729 0.091667
2 0.762760 0.824074 0.049479 0.062963
1 0.799740 0.323148 0.198437 0.238889
2 0.444271 0.768519 0.052083 0.066667
3 0.533854 0.809722 0.038542 0.069444
