3 0.538281 0.130093 0.047396 0.102778
3 0.580990 0.166667 0.032813 0.074074
3 0.578906 0.246296 0.027604 0.085185
0 0.542969 0.336574 0.067187 0.150926
0 0.598437 0.468519 0.140625 0.131481
3 0.516146 0.512037 0.045833 0.083333
3 0.573698 0.559722 0.032813 0.065741
3 0.680729 0.739352 0.063542 0.084259
2 0.579948 0.718981 0.045312 0.165741
2 0.547135 0.851389 0.025521 0.115741
2 0.733333 0.799537 0.030208 0.112037
2 0.848177 0.880093 0.052604 0.102778
2 0.773698 0.953704 0.035937 0.066667
1 0.784896 0.454167 0.145833 0.256481
