3 0.428385 0.509722 0.057813 0.117593
3 0.370052 0.516204 0.049479 0.113889
3 0.575260 0.601389 0.046354 0.154630
3 0.465625 0.860185 0.041667 0.114815
3 0.504167 0.903241 0.050000 0.126852
3 0.737760 0.762963 0.055729 0.161111
3 0.904948 0.735648 0.085938 0.108333
1 0.561458 0.817593 0.080208 0.177778
2 0.104427 0.472685 0.030729 0.091667
2 0.071615 0.559259 0.020313 0.074074
2 0.554948 0.956019 0.039062 0.063889
2 0.850781 0.878704 0.055729 0.100000
0 0.828906 0.375926 0.248438 0.257407
1 0.506771 0.615278 0.083333 0.154630
0 0.573958 0.111111 0.136458 0.209259
