2 0.189844 0.423148 0.040104 0.105556
2 0.025000 0.496296 0.022917 0.090741
2 0.056250 0.480556 0.026042 0.061111
2 0.207031 0.522222 0.024479 0.066667
2 0.178646 0.572222 0.021875 0.064815
2 0.451042 0.727315 0.026042 0.054630
2 0.566406 0.805556 0.034896 0.116667
0 0.569792 0.704167 0.072917 0.065741
0 0.533333 0.610648 0.062500 0.082407
3 0.382812 0.551852 0.037500 0.064815
3 0.342708 0.661574 0.039583 0.041667
1 0.404427 0.408796 0.063021 0.154630
1 0.517188 0.303704 0.069792 0.107407
2 0.339583 0.604167 0.040625 0.062037
