1 0.215104 0.298611 0.064583 0.141667
1 0.113802 0.282407 0.057813 0.127778
3 0.265365 0.326852 0.056771 0.070370
3 0.224740 0.463426 0.033854 0.063889
3 0.219531 0.178241 0.033854 0.087963
3 0.393229 0.649074 0.034375 0.081481
2 0.251302 0.648148 0.032813 0.112963
2 0.251823 0.738889 0.025521 0.053704
2 0.289583 0.645370 0.027083 0.125926
2 0.200260 0.560185 0.021354 0.057407
2 0.177865 0.600926 0.018229 0.059259
2 0.115625 0.587500 0.023958 0.056481
2 0.139323 0.488889 0.022396 0.059259
2 0.101823 0.462500 0.026562 0.065741
2 0.044531 0.444907 0.033854 0.043519
2 0.249740 0.544444 0.018229 0.050000
2 0.671094 0.544444 0.043229 0.125926
2 0.671875 0.664352 0.058333 0.128704
2 0.692187 0.833333 0.038542 0.150000
2 0.725000 0.795833 0.047917 0.104630
2 0.844271 0.843056 0.077083 0.099074
2 0.223438 0.641204 0.022917 0.071296
2 0.480469 0.448611 0.036979 0.065741
0 0.511719 0.825463 0.069271 0.154630
3 0.789583 0.696759 0.094792 0.160185
3 0.544792 0.455556 0.079167 0.088889
0 0.489323 0.602315 0.070312 0.175000
