3 0.772656 0.294907 0.103646 0.173148
3 0.947396 0.585185 0.092708 0.125926
3 0.737500 0.651389 0.060417 0.099074
3 0.863542 0.754167 0.100000 0.123148
3 0.789323 0.878704 0.089063 0.133333
3 0.643490 0.677315 0.033854 0.086111
3 0.482812 0.629167 0.040625 0.115741
3 0.528906 0.786111 0.027604 0.101852
3 0.120052 0.432407 0.047396 0.046296
3 0.312240 0.426389 0.070312 0.073148
1 0.301823 0.207407 0.124479 0.175926
3 0.363802 0.558333 0.083854 0.105556
2 0.129427 0.534722 0.057813 0.067593
2 0.181250 0.562037 0.041667 0.051852
2 0.135937 0.375926 0.048958 0.031481
2 0.165104 0.390741 0.051042 0.027778
2 0.408854 0.839352 0.028125 0.086111
2 0.554167 0.932870 0.026042 0.067593
2 0.608073 0.918056 0.047396 0.123148
2 0.661979 0.836574 0.038542 0.091667
2 0.679948 0.919444 0.036979 0.111111
2 0.959115 0.857407 0.043229 0.105556
3 0.876563 0.261111 0.072917 0.170370
