0 0.522656 0.114815 0.143229 0.185185
0 0.181510 0.252315 0.097396 0.158333
0 0.035156 0.057870 0.065104 0.112037
1 0.376563 0.609259 0.053125 0.177778
1 0.308594 0.527778 0.069271 0.116667
0 0.418750 0.366204 0.082292 0.139815
0 0.419010 0.443519 0.094271 0.174074
2 0.249740 0.799537 0.035937 0.078704
2 0.214844 0.799537 0.030729 0.080556
2 0.367969 0.767130 0.033854 0.113889
2 0.529948 0.813426 0.043229 0.045370
2 0.595573 0.927315 0.042188 0.065741
0 0.421875 0.762963 0.070833 0.131481
3 0.957552 0.527778 0.074479 0.192593
