0 0.585677 0.612037 0.115104 0.238889
0 0.689323 0.227778 0.167187 0.151852
0 0.783073 0.401852 0.100521 0.281481
0 0.782031 0.097222 0.106771 0.135185
0 0.386979 0.093981 0.138542 0.182407
0 0.492969 0.518519 0.082812 0.172222
1 0.062240 0.456019 0.071354 0.112037
1 0.030729 0.525000 0.042708 0.072222
1 0.082552 0.625926 0.033854 0.064815
1 0.797135 0.795833 0.123438 0.204630
3 0.118490 0.254167 0.064062 0.062037
3 0.471094 0.689352 0.038021 0.084259
3 0.121875 0.537500 0.065625 0.049074
0 0.367188 0.816667 0.072917 0.125926
0 0.518490 0.854630 0.107813 0.277778
2 0.276302 0.674074 0.041146 0.055556
2 0.925521 0.817130 0.115625 0.169444
