0 0.867188 0.080556 0.259375 0.155556
0 0.908073 0.670833 0.172396 0.271296
3 0.263281 0.230556 0.084896 0.083333
3 0.280729 0.458796 0.071875 0.112037
3 0.239844 0.568519 0.038021 0.081481
3 0.280990 0.559722 0.038021 0.075000
3 0.782552 0.792130 0.090104 0.202778
1 0.048438 0.312037 0.045833 0.083333
1 0.169010 0.465741 0.074479 0.124074
1 0.451302 0.260185 0.091146 0.150000
0 0.635938 0.856019 0.096875 0.125000
2 0.463021 0.784259 0.050000 0.137037
2 0.355208 0.639815 0.040625 0.046296
2 0.053646 0.450000 0.037500 0.075926
2 0.374479 0.470370 0.032292 0.081481
