0 0.427344 0.187963 0.103646 0.179630
1 0.215885 0.397222 0.057813 0.114815
1 0.430729 0.618056 0.059375 0.126852
1 0.459115 0.662500 0.070312 0.093519
1 0.372656 0.731481 0.053646 0.107407
1 0.468750 0.902315 0.051042 0.099074
1 0.321615 0.551852 0.052604 0.142593
1 0.771615 0.812963 0.068229 0.129630
1 0.521875 0.680093 0.048958 0.075000
3 0.613542 0.831481 0.071875 0.081481
3 0.476042 0.557407 0.040625 0.092593
3 0.704688 0.683796 0.106250 0.132407
3 0.621615 0.764815 0.075521 0.083333
3 0.149740 0.446759 0.030729 0.052778
3 0.559635 0.611574 0.052604 0.147222
3 0.696354 0.340278 0.060417 0.082407
2 0.055729 0.523611 0.036458 0.084259
2 0.104167 0.552315 0.021875 0.041667
2 0.085677 0.489352 0.018229 0.054630
2 0.137760 0.548148 0.018229 0.105556
2 0.194531 0.546296 0.024479 0.083333
2 0.247917 0.586574 0.026042 0.036111
2 0.586719 0.905093 0.041146 0.060185
2 0.788542 0.934259 0.076042 0.118519
2 0.886458 0.646759 0.077083 0.069444
