0 0.707552 0.208333 0.139063 0.224074
1 0.670573 0.760185 0.122396 0.192593
1 0.568750 0.866204 0.079167 0.126852
1 0.334896 0.451389 0.062500 0.119444
3 0.826823 0.734722 0.052604 0.204630
3 0.679167 0.939352 0.064583 0.104630
3 0.839583 0.895370 0.043750 0.096296
1 0.494531 0.652315 0.074479 0.208333
3 0.181771 0.307870 0.032292 0.076852
2 0.229167 0.612500 0.028125 0.117593
2 0.160156 0.540278 0.036979 0.076852
2 0.128906 0.568056 0.023438 0.071296
2 0.188542 0.601852 0.017708 0.061111
2 0.040625 0.466204 0.032292 0.078704
2 0.266927 0.527315 0.021354 0.054630
2 0.310417 0.617593 0.026042 0.088889
2 0.349479 0.636574 0.034375 0.049074
2 0.321875 0.518981 0.023958 0.069444
