1 0.682292 0.211111 0.119792 0.198148
1 0.581771 0.397685 0.095833 0.162037
1 0.537760 0.526389 0.067187 0.150926
1 0.257031 0.461574 0.035937 0.063889
2 0.315885 0.692593 0.033854 0.122222
2 0.178646 0.629630 0.028125 0.075926
2 0.045833 0.471759 0.027083 0.063889
2 0.020833 0.463426 0.020833 0.058333
2 0.034115 0.402315 0.020313 0.060185
2 0.622396 0.942593 0.039583 0.096296
2 0.689323 0.900000 0.040104 0.125926
3 0.669010 0.665278 0.045312 0.097222
3 0.747917 0.791667 0.077083 0.125926
3 0.603385 0.737500 0.047396 0.071296
3 0.470313 0.670370 0.044792 0.077778
3 0.484896 0.818056 0.045833 0.058333
1 0.892188 0.800926 0.151042 0.092593
2 0.483333 0.881481 0.032292 0.061111
