1 0.721094 0.234722 0.110937 0.186111
1 0.612760 0.418519 0.098437 0.170370
1 0.564583 0.535185 0.072917 0.151852
1 0.708854 0.386111 0.077083 0.181481
1 0.733854 0.593519 0.098958 0.146296
3 0.488542 0.676389 0.034375 0.067593
3 0.513281 0.847685 0.048438 0.069444
3 0.617448 0.760185 0.033854 0.079630
3 0.780729 0.819444 0.071875 0.100000
3 0.696875 0.681481 0.047917 0.083333
2 0.022917 0.478241 0.033333 0.073148
2 0.052865 0.483796 0.027604 0.073148
2 0.040365 0.400463 0.027604 0.069444
2 0.187500 0.645370 0.032292 0.087037
2 0.330990 0.714352 0.031771 0.119444
2 0.509115 0.906019 0.035937 0.060185
2 0.651042 0.956944 0.043750 0.065741
2 0.715885 0.925926 0.047396 0.111111
2 0.960156 0.921759 0.054688 0.093519
