3 0.711719 0.121296 0.085938 0.118519
1 0.873698 0.253241 0.158854 0.191667
1 0.721354 0.444444 0.122917 0.194444
1 0.830729 0.434259 0.102083 0.188889
1 0.864844 0.646759 0.123438 0.178704
1 0.655208 0.575463 0.086458 0.165741
3 0.804427 0.729630 0.041146 0.064815
3 0.963802 0.714352 0.055729 0.110185
3 0.897656 0.888426 0.064062 0.126852
3 0.691667 0.797685 0.045833 0.086111
3 0.731771 0.718056 0.038542 0.097222
3 0.591667 0.916204 0.045833 0.069444
3 0.542448 0.717593 0.051562 0.077778
3 0.760677 0.949074 0.068229 0.074074
3 0.335938 0.292593 0.045833 0.101852
2 0.058073 0.430556 0.028646 0.070370
2 0.037760 0.493981 0.024479 0.062037
2 0.069531 0.507407 0.025521 0.070370
2 0.218750 0.686574 0.034375 0.093519
2 0.378125 0.751389 0.042708 0.128704
2 0.825000 0.956481 0.056250 0.070370
2 0.586979 0.972685 0.040625 0.050926
