0 0.935937 0.349074 0.117708 0.242593
0 0.761719 0.590278 0.200521 0.339815
0 0.797917 0.856481 0.175000 0.235185
0 0.678906 0.320370 0.130729 0.177778
0 0.548698 0.747222 0.039062 0.079630
0 0.485156 0.732407 0.053646 0.090741
0 0.518490 0.792130 0.018229 0.065741
1 0.399479 0.278241 0.022917 0.056481
1 0.398698 0.371296 0.024479 0.025926
1 0.014063 0.300000 0.027083 0.048148
2 0.141667 0.542593 0.023958 0.100000
2 0.173437 0.573148 0.026042 0.083333
2 0.196615 0.582407 0.019271 0.064815
2 0.395052 0.648611 0.030729 0.117593
2 0.468750 0.803704 0.025000 0.112963
2 0.542708 0.827315 0.025000 0.095370
3 0.346094 0.571759 0.033854 0.052778
