0 0.750000 0.334259 0.106250 0.138889
0 0.873958 0.480556 0.100000 0.227778
0 0.685156 0.583333 0.053646 0.087037
3 0.596354 0.824537 0.030208 0.110185
3 0.632292 0.901852 0.047917 0.129630
3 0.681250 0.955556 0.042708 0.068519
3 0.397396 0.508333 0.048958 0.094444
1 0.627865 0.570370 0.050521 0.083333
0 0.240104 0.133796 0.062500 0.102778
2 0.059896 0.533333 0.025000 0.074074
2 0.163802 0.536574 0.023438 0.056481
2 0.731510 0.953704 0.040104 0.059259
2 0.965885 0.875000 0.055729 0.075926
0 0.059375 0.300000 0.066667 0.153704
0 0.338802 0.049074 0.068229 0.085185
0 0.457292 0.053704 0.102083 0.100000
2 0.202083 0.432407 0.016667 0.040741
3 0.184896 0.316667 0.028125 0.079630
