0 0.875260 0.486574 0.080729 0.113889
0 0.905729 0.069907 0.136458 0.136111
0 0.346094 0.300463 0.035937 0.084259
0 0.277344 0.450463 0.039062 0.082407
0 0.819271 0.280093 0.089583 0.160185
1 0.210156 0.084722 0.052604 0.087963
1 0.850260 0.575463 0.089063 0.173148
1 0.804427 0.953704 0.045312 0.079630
2 0.192708 0.596296 0.019792 0.088889
2 0.287500 0.684722 0.032292 0.084259
2 0.037240 0.388426 0.025521 0.045370
1 0.054167 0.065741 0.087500 0.111111
1 0.785417 0.842130 0.073958 0.143519
1 0.870573 0.866667 0.085938 0.107407
