0 0.296354 0.366204 0.080208 0.119444
0 0.243750 0.756944 0.054167 0.110185
0 0.191927 0.658796 0.066146 0.084259
1 0.725000 0.868981 0.051042 0.119444
0 0.655469 0.178241 0.077604 0.128704
0 0.724219 0.040278 0.098437 0.073148
0 0.203125 0.544444 0.066667 0.087037
0 0.535937 0.652315 0.057292 0.141667
0 0.529948 0.762963 0.051562 0.107407
2 0.387500 0.620370 0.040625 0.098148
2 0.114062 0.531481 0.029167 0.062963
2 0.094792 0.581481 0.023958 0.055556
2 0.678906 0.922222 0.045312 0.118519
0 0.227083 0.072222 0.066667 0.101852
