0 0.483073 0.462037 0.070312 0.105556
0 0.360417 0.070370 0.091667 0.137037
0 0.427344 0.115741 0.051562 0.120370
0 0.475781 0.053704 0.071354 0.096296
3 0.544792 0.272222 0.040625 0.085185
0 0.357812 0.418981 0.057292 0.117593
0 0.398438 0.529167 0.044792 0.106481
0 0.823177 0.212037 0.163021 0.212963
2 0.653385 0.765278 0.044271 0.104630
2 0.555208 0.837500 0.030208 0.043519
2 0.526823 0.877778 0.028646 0.035185
0 0.400781 0.775926 0.094271 0.125926
2 0.540365 0.746296 0.018229 0.066667
2 0.243229 0.576389 0.021875 0.073148
