0 0.837760 0.855556 0.143229 0.272222
1 0.487500 0.794907 0.051042 0.123148
1 0.491146 0.706481 0.067708 0.072222
1 0.624219 0.662963 0.083854 0.177778
1 0.716927 0.953241 0.098437 0.080556
3 0.369792 0.533333 0.045833 0.098148
3 0.172656 0.395370 0.042188 0.077778
3 0.528385 0.879630 0.033854 0.150000
3 0.601302 0.946296 0.031771 0.079630
2 0.429688 0.751852 0.039583 0.146296
2 0.563281 0.928704 0.029687 0.129630
2 0.611719 0.839352 0.029687 0.112037
2 0.749740 0.810648 0.035937 0.073148
1 0.650260 0.887500 0.049479 0.058333
0 0.641667 0.069907 0.081250 0.136111
0 0.938542 0.833333 0.110417 0.312963
0 0.329167 0.815741 0.089583 0.118519
