0 0.905990 0.170370 0.179688 0.194444
0 0.650000 0.282870 0.050000 0.089815
1 0.563802 0.573148 0.084896 0.075926
1 0.337500 0.774074 0.058333 0.100000
0 0.487760 0.502315 0.102604 0.143519
0 0.413802 0.385648 0.076563 0.134259
0 0.144792 0.318056 0.052083 0.076852
0 0.055469 0.299537 0.057813 0.106481
0 0.557031 0.850000 0.079687 0.133333
2 0.026042 0.506481 0.029167 0.055556
2 0.047396 0.553241 0.017708 0.034259
2 0.068229 0.577778 0.027083 0.053704
2 0.220052 0.587037 0.028646 0.074074
2 0.708854 0.930556 0.044792 0.112963
