0 0.936719 0.350463 0.114062 0.245370
0 0.790885 0.862037 0.192188 0.227778
0 0.681250 0.312037 0.126042 0.168519
0 0.548958 0.746296 0.039583 0.081481
0 0.490625 0.737963 0.064583 0.074074
0 0.517969 0.801852 0.023438 0.062963
1 0.015625 0.307870 0.028125 0.045370
0 0.401302 0.277315 0.022396 0.054630
0 0.399479 0.372685 0.018750 0.032407
3 0.345833 0.571759 0.036458 0.060185
0 0.120313 0.482407 0.028125 0.085185
2 0.144271 0.543056 0.023958 0.093519
2 0.173177 0.571296 0.028646 0.092593
2 0.196615 0.577778 0.019271 0.061111
2 0.394792 0.651852 0.030208 0.114815
2 0.470052 0.798611 0.031771 0.084259
2 0.545833 0.827778 0.023958 0.088889
0 0.757031 0.586111 0.204687 0.346296
