2 0.088021 0.443056 0.025000 0.086111
2 0.045052 0.414815 0.034896 0.046296
2 0.046094 0.498611 0.032813 0.071296
2 0.245052 0.726852 0.018229 0.066667
2 0.348438 0.564815 0.027083 0.050000
3 0.467708 0.464815 0.063542 0.107407
3 0.440365 0.662037 0.039062 0.048148
3 0.338281 0.419907 0.029687 0.084259
3 0.259375 0.629630 0.033333 0.066667
0 0.616146 0.163889 0.113542 0.161111
0 0.521354 0.088426 0.094792 0.169444
0 0.402083 0.078241 0.065625 0.119444
0 0.357292 0.131481 0.077083 0.144444
0 0.648958 0.689352 0.129167 0.200926
0 0.793750 0.574537 0.156250 0.232407
0 0.926823 0.350926 0.134896 0.224074
0 0.109635 0.225000 0.048438 0.087037
