2 0.764844 0.834259 0.075521 0.279630
2 0.390365 0.680556 0.029687 0.118519
2 0.410677 0.739352 0.032813 0.125000
2 0.499479 0.573148 0.046875 0.129630
2 0.245833 0.600926 0.030208 0.077778
2 0.101823 0.553241 0.034896 0.062037
2 0.088021 0.437500 0.033333 0.030556
2 0.139323 0.528241 0.025521 0.065741
1 0.870313 0.127778 0.209375 0.250000
0 0.466667 0.175463 0.090625 0.134259
1 0.259115 0.399074 0.076563 0.135185
3 0.401302 0.437500 0.064062 0.050926
3 0.513281 0.696759 0.032813 0.084259
3 0.503906 0.480093 0.048438 0.058333
3 0.474219 0.424074 0.029687 0.053704
3 0.479427 0.826852 0.040104 0.072222
3 0.302865 0.605556 0.040104 0.061111
3 0.349479 0.185185 0.052083 0.057407
1 0.654427 0.542130 0.128646 0.100926
0 0.233073 0.246759 0.072396 0.104630
0 0.149740 0.360185 0.033854 0.092593
