3 0.619792 0.526852 0.046875 0.129630
3 0.857292 0.601852 0.066667 0.092593
3 0.712240 0.852778 0.070312 0.074074
1 0.726302 0.531019 0.094271 0.125000
1 0.482031 0.261111 0.069271 0.079630
0 0.843750 0.106019 0.095833 0.123148
0 0.616927 0.251389 0.103646 0.217593
0 0.707292 0.314815 0.098958 0.194444
2 0.263802 0.550000 0.032813 0.131481
2 0.222135 0.386574 0.028646 0.089815
2 0.153906 0.487037 0.034896 0.090741
2 0.090365 0.405093 0.023438 0.049074
2 0.346354 0.636574 0.032292 0.084259
2 0.573177 0.798148 0.042188 0.077778
2 0.636979 0.837963 0.037500 0.087037
0 0.579688 0.887963 0.042708 0.101852
