0 0.644531 0.160648 0.100521 0.208333
0 0.791406 0.070370 0.115104 0.135185
0 0.746094 0.602778 0.086979 0.166667
0 0.224219 0.504630 0.024479 0.037037
0 0.291146 0.084722 0.073958 0.108333
0 0.336458 0.338426 0.040625 0.049074
2 0.146615 0.462500 0.031771 0.045370
2 0.244271 0.547685 0.045833 0.058333
2 0.389844 0.600463 0.035937 0.063889
2 0.341667 0.463889 0.029167 0.079630
2 0.192708 0.523611 0.038542 0.110185
2 0.239844 0.376389 0.031771 0.045370
0 0.321094 0.737963 0.060937 0.105556
1 0.692448 0.337963 0.070312 0.116667
