0 0.733594 0.341667 0.086979 0.116667
0 0.594792 0.754630 0.082292 0.101852
1 0.307292 0.180093 0.076042 0.099074
0 0.410156 0.210185 0.072396 0.103704
3 0.418490 0.515278 0.043229 0.099074
3 0.105990 0.405093 0.047396 0.073148
2 0.633854 0.619907 0.048958 0.125000
2 0.671615 0.834259 0.046354 0.159259
2 0.461719 0.735648 0.036979 0.113889
2 0.426823 0.741667 0.045312 0.090741
2 0.334896 0.636574 0.028125 0.115741
2 0.296615 0.686574 0.024479 0.058333
2 0.272135 0.570370 0.027604 0.061111
2 0.453385 0.492130 0.034896 0.060185
2 0.066146 0.552778 0.044792 0.120370
2 0.027344 0.469444 0.032813 0.098148
1 0.164062 0.626852 0.028125 0.077778
