0 0.611198 0.221759 0.097396 0.154630
0 0.691927 0.058333 0.133854 0.103704
3 0.488542 0.343519 0.060417 0.118519
1 0.453125 0.207407 0.069792 0.122222
3 0.589323 0.589815 0.019271 0.092593
0 0.629427 0.762037 0.033854 0.100000
0 0.850000 0.690278 0.071875 0.139815
3 0.179688 0.467593 0.045833 0.074074
2 0.442188 0.682407 0.023958 0.077778
2 0.427604 0.738426 0.022917 0.087963
2 0.355990 0.636574 0.034896 0.076852
2 0.378646 0.763889 0.025000 0.074074
2 0.550260 0.754630 0.020313 0.090741
2 0.582812 0.864352 0.079167 0.102778
2 0.634635 0.888426 0.057813 0.149074
2 0.617448 0.573611 0.054688 0.082407
2 0.908073 0.750463 0.061979 0.139815
2 0.129948 0.642593 0.033854 0.100000
2 0.112760 0.578704 0.029687 0.096296
2 0.068490 0.514352 0.031771 0.095370
