0 0.668750 0.625463 0.113542 0.121296
3 0.912240 0.485648 0.093229 0.086111
3 0.816406 0.905556 0.069271 0.131481
0 0.646354 0.739815 0.069792 0.090741
0 0.847656 0.197685 0.075521 0.119444
0 0.871094 0.073148 0.054688 0.114815
2 0.461458 0.691667 0.036458 0.164815
2 0.554948 0.779630 0.031771 0.127778
2 0.607552 0.837037 0.040104 0.135185
2 0.750000 0.940278 0.063542 0.099074
2 0.669010 0.881019 0.043229 0.110185
2 0.722656 0.836111 0.035937 0.094444
2 0.312500 0.630093 0.027083 0.063889
2 0.282031 0.545833 0.029687 0.069444
2 0.318490 0.540278 0.034896 0.050926
2 0.354427 0.630556 0.041146 0.057407
0 0.031510 0.243519 0.049479 0.087037
0 0.287760 0.190741 0.059896 0.092593
1 0.575000 0.406944 0.094792 0.176852
