0 0.346875 0.368519 0.094792 0.153704
0 0.838802 0.505093 0.081771 0.215741
0 0.833594 0.762500 0.116146 0.145370
0 0.463281 0.761574 0.035937 0.141667
0 0.102865 0.083333 0.135937 0.146296
0 0.153646 0.289815 0.082292 0.135185
2 0.103125 0.616667 0.027083 0.075926
2 0.144792 0.649074 0.030208 0.090741
2 0.245833 0.548148 0.028125 0.050000
2 0.277865 0.710185 0.029687 0.088889
2 0.322656 0.686574 0.035937 0.091667
2 0.366927 0.684259 0.026562 0.081481
2 0.395052 0.643056 0.024479 0.054630
2 0.521615 0.880556 0.028646 0.103704
2 0.624740 0.638889 0.033854 0.070370
