0 0.407031 0.292593 0.072396 0.131481
0 0.729948 0.100463 0.131771 0.199074
0 0.316146 0.747685 0.050000 0.147222
0 0.180469 0.282407 0.044271 0.062963
0 0.080990 0.100926 0.054688 0.098148
2 0.070312 0.538426 0.037500 0.119444
2 0.026302 0.450000 0.030729 0.075926
2 0.345833 0.648611 0.023958 0.117593
2 0.433594 0.891204 0.032813 0.143519
2 0.497396 0.955093 0.026042 0.052778
2 0.538542 0.941204 0.039583 0.100926
2 0.594531 0.906019 0.026562 0.162037
2 0.902083 0.940741 0.106250 0.083333
0 0.623698 0.644444 0.109896 0.224074
0 0.778385 0.467130 0.117188 0.258333
0 0.731771 0.292130 0.117708 0.167593
0 0.435417 0.677778 0.051042 0.079630
0 0.366406 0.875463 0.058854 0.137963
0 0.287500 0.403704 0.076042 0.138889
