0 0.436979 0.147685 0.059375 0.121296
0 0.494792 0.144444 0.053125 0.107407
0 0.391927 0.314815 0.057813 0.085185
0 0.340365 0.457870 0.055729 0.152778
0 0.525521 0.403704 0.053125 0.098148
0 0.501563 0.582870 0.057292 0.095370
0 0.423438 0.651389 0.051042 0.106481
0 0.432552 0.552315 0.056771 0.082407
0 0.703646 0.544907 0.050000 0.102778
0 0.778125 0.100926 0.153125 0.194444
0 0.840885 0.450000 0.075521 0.122222
0 0.850260 0.559722 0.056771 0.095370
0 0.911458 0.698611 0.164583 0.273148
0 0.699740 0.278704 0.058854 0.088889
2 0.499219 0.819907 0.044271 0.126852
2 0.486198 0.911111 0.033854 0.111111
2 0.230208 0.759259 0.052083 0.122222
2 0.251302 0.711111 0.056771 0.112963
2 0.169792 0.564815 0.045833 0.118519
2 0.115885 0.614815 0.032813 0.098148
2 0.088542 0.578241 0.036458 0.100926
2 0.065885 0.579167 0.032813 0.087963
2 0.041146 0.533333 0.031250 0.087037
2 0.175521 0.483796 0.021875 0.056481
2 0.030990 0.427315 0.028646 0.063889
1 0.238802 0.319907 0.061979 0.126852
