2 0.256510 0.549074 0.048438 0.140741
2 0.174740 0.533796 0.049479 0.056481
2 0.147917 0.574537 0.043750 0.065741
2 0.035156 0.444907 0.034896 0.050926
2 0.185938 0.440741 0.028125 0.051852
2 0.344010 0.617130 0.038021 0.091667
2 0.357031 0.776852 0.045312 0.133333
2 0.417708 0.781944 0.041667 0.110185
2 0.432552 0.912037 0.049479 0.092593
2 0.485417 0.893981 0.058333 0.184259
2 0.544531 0.942593 0.048438 0.098148
2 0.534896 0.790278 0.027083 0.108333
2 0.621875 0.894444 0.045833 0.162963
2 0.592187 0.762500 0.023958 0.075000
1 0.577083 0.629630 0.134375 0.203704
1 0.088281 0.518981 0.067187 0.086111
1 0.119531 0.652778 0.048438 0.087037
1 0.220573 0.723148 0.046354 0.131481
0 0.198958 0.245833 0.062500 0.060185
3 0.330990 0.223148 0.029687 0.048148
3 0.328906 0.519907 0.029687 0.123148
3 0.357031 0.915278 0.035937 0.097222
0 0.443490 0.494907 0.065104 0.121296
