4 0.385677 0.434259 0.069271 0.162963
4 0.330729 0.325463 0.032292 0.065741
4 0.067187 0.387037 0.051042 0.081481
4 0.143490 0.292593 0.052604 0.085185
4 0.196875 0.323148 0.032292 0.059259
2 0.129688 0.465741 0.071875 0.037037
4 0.614583 0.851389 0.116667 0.162037
1 0.860938 0.903704 0.136458 0.168519
1 0.277083 0.587037 0.032292 0.111111
1 0.194010 0.497685 0.036979 0.100926
1 0.742708 0.323148 0.076042 0.144444
2 0.302865 0.640741 0.024479 0.088889
2 0.286198 0.779167 0.025521 0.087963
2 0.773698 0.949537 0.028646 0.087963
