3 0.247917 0.302778 0.034375 0.116667
3 0.266667 0.422685 0.030208 0.069444
3 0.492448 0.497222 0.038021 0.075926
3 0.392969 0.555093 0.033854 0.054630
3 0.401302 0.648148 0.043229 0.066667
3 0.304948 0.693981 0.042188 0.091667
3 0.389583 0.723148 0.041667 0.100000
3 0.609115 0.950463 0.031771 0.082407
3 0.620052 0.860185 0.027604 0.064815
3 0.439844 0.532407 0.041146 0.096296
1 0.240104 0.740741 0.054167 0.135185
1 0.473958 0.806944 0.075000 0.163889
1 0.258594 0.564815 0.064062 0.127778
1 0.319271 0.498611 0.035417 0.113889
1 0.035937 0.237500 0.032292 0.123148
3 0.019792 0.368519 0.022917 0.031481
2 0.023177 0.425000 0.027604 0.059259
2 0.096875 0.456019 0.027083 0.041667
2 0.182292 0.498148 0.021875 0.050000
2 0.306771 0.602778 0.018750 0.066667
2 0.459896 0.644907 0.027083 0.102778
2 0.544531 0.813426 0.029687 0.047222
2 0.605729 0.781019 0.038542 0.069444
2 0.729427 0.875000 0.066146 0.146296
1 0.189844 0.627315 0.038021 0.086111
4 0.167708 0.117593 0.058333 0.111111
4 0.670573 0.045833 0.044271 0.084259
4 0.807552 0.197685 0.130729 0.245370
4 0.947917 0.105093 0.095833 0.158333
4 0.913802 0.492130 0.057813 0.178704
