4 0.498958 0.198611 0.083333 0.158333
1 0.350000 0.088426 0.064583 0.126852
1 0.302344 0.287037 0.076563 0.112963
1 0.057552 0.373611 0.031771 0.084259
1 0.093490 0.522222 0.047396 0.112963
1 0.237240 0.315278 0.034896 0.071296
1 0.127083 0.237037 0.046875 0.100000
1 0.539844 0.732870 0.105729 0.247222
3 0.553385 0.571296 0.055729 0.088889
3 0.535937 0.462037 0.034375 0.083333
3 0.321354 0.548148 0.026042 0.074074
3 0.163542 0.479630 0.030208 0.044444
3 0.200781 0.425000 0.036979 0.059259
1 0.105729 0.133796 0.054167 0.069444
1 0.607292 0.660648 0.061458 0.178704
1 0.501563 0.934259 0.078125 0.111111
1 0.021354 0.376389 0.035417 0.076852
2 0.271875 0.630556 0.030208 0.111111
2 0.226823 0.664815 0.028646 0.111111
2 0.166146 0.549074 0.020833 0.074074
2 0.237240 0.569907 0.049479 0.032407
2 0.563281 0.944444 0.018229 0.061111
2 0.900521 0.923148 0.060417 0.129630
3 0.871875 0.797685 0.066667 0.117593
3 0.618750 0.936111 0.043750 0.100000
3 0.757292 0.884722 0.091667 0.104630
