3 0.274479 0.320370 0.040625 0.096296
3 0.435156 0.668981 0.036979 0.069444
3 0.326042 0.695370 0.026042 0.048148
3 0.702604 0.666204 0.063542 0.100926
1 0.208333 0.152778 0.094792 0.168519
1 0.104948 0.134722 0.079687 0.158333
3 0.140625 0.322222 0.041667 0.116667
1 0.069531 0.386111 0.040104 0.051852
1 0.133333 0.455093 0.037500 0.104630
1 0.289062 0.736574 0.050000 0.065741
1 0.912760 0.742593 0.132812 0.216667
1 0.820573 0.923611 0.165104 0.128704
4 0.752865 0.522222 0.103646 0.135185
2 0.203906 0.515278 0.029687 0.132407
2 0.074740 0.456019 0.031771 0.080556
2 0.295312 0.531944 0.021875 0.076852
4 0.334375 0.547222 0.055208 0.114815
