4 0.200260 0.228704 0.056771 0.087037
4 0.596354 0.913889 0.067708 0.153704
4 0.286458 0.768519 0.048958 0.062963
1 0.165885 0.523611 0.046354 0.086111
1 0.050521 0.380093 0.026042 0.084259
1 0.171094 0.595833 0.041146 0.058333
1 0.417969 0.952315 0.084896 0.078704
1 0.809635 0.824074 0.165104 0.240741
2 0.587240 0.574074 0.058854 0.190741
2 0.414583 0.718519 0.042708 0.105556
2 0.667188 0.654630 0.037500 0.100000
2 0.916146 0.906944 0.038542 0.102778
1 0.097135 0.461111 0.032813 0.096296
1 0.545833 0.308333 0.085417 0.255556
3 0.355990 0.602778 0.096354 0.120370
4 0.376823 0.823611 0.054688 0.093519
