4 0.501302 0.412963 0.066146 0.118519
4 0.213281 0.650926 0.084896 0.137037
4 0.756510 0.630093 0.140104 0.206481
4 0.125521 0.269444 0.060417 0.101852
3 0.461198 0.808796 0.046354 0.137963
3 0.333333 0.720370 0.048958 0.122222
1 0.321094 0.530093 0.078646 0.150926
1 0.388542 0.633333 0.043750 0.129630
1 0.410417 0.847222 0.069792 0.131481
3 0.545052 0.919907 0.044271 0.136111
1 0.627083 0.921759 0.100000 0.137963
2 0.248698 0.538889 0.027604 0.101852
2 0.276823 0.723611 0.028646 0.093519
2 0.502083 0.860648 0.026042 0.119444
2 0.534375 0.791204 0.023958 0.075000
2 0.561719 0.666204 0.048438 0.062037
1 0.154688 0.167593 0.073958 0.192593
