4 0.426823 0.824537 0.091146 0.193519
1 0.535937 0.627315 0.120833 0.210185
4 0.267188 0.296759 0.065625 0.119444
4 0.897396 0.583333 0.109375 0.188889
4 0.959115 0.556481 0.069271 0.188889
1 0.334375 0.200000 0.112500 0.194444
1 0.307552 0.102778 0.069271 0.138889
1 0.646354 0.773611 0.106250 0.200926
1 0.337500 0.461574 0.058333 0.093519
1 0.287760 0.663889 0.041146 0.135185
3 0.566146 0.925926 0.068750 0.107407
3 0.786198 0.845833 0.089063 0.095370
3 0.742708 0.949074 0.078125 0.101852
2 0.858854 0.947685 0.076042 0.093519
2 0.902604 0.851389 0.091667 0.108333
1 0.908594 0.746759 0.102604 0.145370
2 0.422135 0.647222 0.029687 0.109259
2 0.346875 0.764815 0.026042 0.050000
