1 0.669792 0.225463 0.183333 0.347222
1 0.919271 0.840278 0.144792 0.291667
1 0.492708 0.796759 0.046875 0.191667
4 0.421094 0.311574 0.048438 0.130556
4 0.530469 0.408796 0.080729 0.154630
1 0.147135 0.131019 0.113021 0.208333
4 0.071875 0.667593 0.046875 0.079630
1 0.038802 0.319444 0.052604 0.101852
3 0.072656 0.520370 0.031771 0.061111
3 0.112240 0.466204 0.023438 0.060185
0 0.671354 0.855556 0.186458 0.183333
2 0.549479 0.931019 0.035417 0.097222
1 0.760677 0.466667 0.145313 0.216667
2 0.082031 0.432407 0.021354 0.081481
2 0.079427 0.578704 0.016146 0.046296
