2 0.474740 0.643519 0.056771 0.107407
2 0.415625 0.621759 0.028125 0.080556
2 0.572135 0.686574 0.032813 0.119444
2 0.607812 0.708796 0.022917 0.063889
2 0.142969 0.490278 0.030729 0.065741
2 0.428125 0.886111 0.028125 0.040741
1 0.528646 0.560648 0.085417 0.167593
1 0.780990 0.638426 0.113021 0.158333
1 0.904167 0.643981 0.159375 0.232407
1 0.509635 0.854167 0.051562 0.050926
1 0.420833 0.524074 0.078125 0.175926
3 0.135937 0.393981 0.029167 0.050926
3 0.130208 0.329630 0.021875 0.053704
3 0.327083 0.872222 0.066667 0.098148
3 0.449479 0.816204 0.057292 0.078704
3 0.589583 0.890278 0.032292 0.062037
3 0.729948 0.883796 0.076563 0.063889
3 0.719531 0.769444 0.035937 0.081481
4 0.125781 0.125000 0.060937 0.105556
4 0.084896 0.042130 0.077083 0.080556
1 0.901042 0.275000 0.186458 0.437037
2 0.606250 0.801389 0.028125 0.067593
0 0.208854 0.412037 0.082292 0.122222
