2 0.446354 0.775926 0.044792 0.090741
0 0.465625 0.286574 0.081250 0.121296
0 0.347917 0.550463 0.052083 0.121296
2 0.529948 0.726389 0.034896 0.073148
2 0.772656 0.809259 0.043229 0.107407
1 0.533854 0.585648 0.044792 0.123148
3 0.569792 0.514815 0.045833 0.077778
1 0.484375 0.596759 0.052083 0.067593
0 0.371615 0.308333 0.082812 0.142593
2 0.109635 0.442130 0.042188 0.071296
2 0.377083 0.699074 0.021875 0.066667
2 0.479167 0.700926 0.021875 0.075926
2 0.583073 0.709259 0.036979 0.061111
1 0.550000 0.395370 0.075000 0.116667
