0 0.673698 0.734722 0.123438 0.193519
0 0.591406 0.130556 0.152604 0.253704
0 0.737240 0.207870 0.201563 0.308333
3 0.437500 0.249537 0.057292 0.132407
3 0.444271 0.523148 0.050000 0.068519
3 0.535937 0.456944 0.077083 0.115741
3 0.502344 0.552778 0.038021 0.064815
3 0.311458 0.538889 0.042708 0.105556
3 0.203906 0.477315 0.073438 0.093519
3 0.255208 0.610185 0.025000 0.048148
3 0.262500 0.670833 0.030208 0.069444
1 0.912760 0.510648 0.153646 0.204630
1 0.817708 0.681019 0.069792 0.215741
2 0.032552 0.485185 0.043229 0.062963
2 0.052083 0.344444 0.052083 0.042593
2 0.080469 0.505556 0.044271 0.050000
2 0.250000 0.728704 0.023958 0.070370
2 0.321615 0.758333 0.018229 0.070370
2 0.357031 0.740278 0.027604 0.069444
2 0.402865 0.722222 0.038021 0.105556
2 0.519010 0.827315 0.029687 0.115741
2 0.579167 0.888426 0.028125 0.102778
2 0.736979 0.906944 0.045833 0.143519
1 0.142708 0.183796 0.104167 0.130556
