3 0.782292 0.531944 0.101042 0.115741
3 0.635938 0.276852 0.086458 0.144444
1 0.906771 0.792593 0.139583 0.127778
3 0.729948 0.679630 0.072396 0.105556
3 0.676562 0.809722 0.054167 0.106481
3 0.617188 0.593056 0.052083 0.063889
3 0.421615 0.598148 0.028646 0.096296
3 0.364063 0.690278 0.030208 0.058333
3 0.384375 0.818981 0.030208 0.071296
1 0.313802 0.539815 0.079687 0.146296
3 0.261979 0.415278 0.071875 0.071296
2 0.105990 0.370833 0.058854 0.043519
2 0.092708 0.527778 0.036458 0.061111
2 0.144271 0.546759 0.041667 0.049074
2 0.354687 0.802778 0.025000 0.081481
2 0.569531 0.816204 0.050521 0.145370
2 0.507552 0.844444 0.041146 0.077778
2 0.465104 0.866204 0.028125 0.080556
2 0.807292 0.770370 0.043750 0.124074
2 0.508594 0.653704 0.060937 0.081481
2 0.421875 0.721296 0.050000 0.068519
1 0.652604 0.489352 0.056250 0.086111
1 0.246094 0.205093 0.123438 0.160185
