0 0.738802 0.585648 0.135937 0.200926
0 0.809635 0.419444 0.194271 0.255556
0 0.887500 0.142593 0.208333 0.259259
3 0.583594 0.499074 0.048438 0.079630
3 0.535156 0.467593 0.033854 0.088889
3 0.502604 0.443056 0.033333 0.054630
3 0.684896 0.407407 0.041667 0.162963
3 0.635677 0.531944 0.047396 0.119444
3 0.472135 0.455556 0.032813 0.079630
0 0.481771 0.182407 0.094792 0.125926
0 0.402083 0.193056 0.052083 0.108333
0 0.333073 0.376852 0.059896 0.131481
0 0.382812 0.423611 0.033333 0.084259
0 0.286198 0.348148 0.052604 0.074074
2 0.379688 0.641667 0.060417 0.112963
2 0.458594 0.700926 0.047396 0.161111
2 0.576823 0.721296 0.054688 0.103704
2 0.346354 0.758796 0.055208 0.128704
2 0.279687 0.493519 0.047917 0.068519
2 0.178385 0.432407 0.051562 0.096296
0 0.252344 0.177315 0.056771 0.108333
3 0.517708 0.800463 0.035417 0.084259
