0 0.644271 0.089815 0.108333 0.175926
0 0.345313 0.262963 0.079167 0.150000
0 0.159635 0.270370 0.048438 0.064815
0 0.123177 0.376852 0.034896 0.079630
0 0.055469 0.097222 0.057813 0.088889
0 0.043229 0.313426 0.034375 0.102778
0 0.392188 0.648611 0.044792 0.075000
1 0.640885 0.733796 0.060937 0.110185
0 0.538281 0.598611 0.098437 0.219444
0 0.684375 0.428704 0.119792 0.266667
0 0.632292 0.263426 0.111458 0.180556
2 0.053385 0.539352 0.058854 0.167593
2 0.314583 0.623611 0.034375 0.106481
2 0.395052 0.852315 0.035937 0.132407
2 0.450000 0.935185 0.032292 0.118519
2 0.496354 0.923611 0.036458 0.123148
2 0.538281 0.861111 0.038021 0.157407
2 0.808073 0.881944 0.102604 0.099074
3 0.433073 0.764352 0.038021 0.117593
0 0.333854 0.806944 0.084375 0.112037
0 0.288021 0.725926 0.050000 0.129630
0 0.267969 0.099074 0.096354 0.153704
