3 0.588021 0.568056 0.094792 0.067593
3 0.582031 0.460185 0.059896 0.133333
3 0.490104 0.618519 0.032292 0.074074
3 0.520833 0.612963 0.029167 0.061111
3 0.532813 0.544907 0.029167 0.075000
3 0.403906 0.654167 0.042188 0.062037
3 0.647656 0.924537 0.035937 0.076852
3 0.520312 0.837963 0.037500 0.059259
1 0.706250 0.434259 0.162500 0.248148
1 0.531771 0.295833 0.091667 0.171296
1 0.334635 0.454630 0.070312 0.100000
1 0.333073 0.606481 0.070312 0.101852
1 0.258073 0.454167 0.074479 0.115741
1 0.027083 0.142130 0.053125 0.115741
0 0.330469 0.374537 0.067187 0.063889
3 0.208073 0.407407 0.026562 0.053704
2 0.578125 0.899537 0.033333 0.149074
2 0.599219 0.724074 0.029687 0.133333
2 0.716927 0.898611 0.043229 0.158333
2 0.854948 0.855556 0.043229 0.105556
2 0.892448 0.680556 0.069271 0.120370
2 0.164323 0.524074 0.028646 0.048148
2 0.533854 0.898148 0.025000 0.055556
4 0.759635 0.737037 0.055729 0.081481
4 0.798177 0.780556 0.089063 0.098148
