4 0.677344 0.460185 0.081771 0.144444
4 0.617188 0.478241 0.088542 0.158333
4 0.292187 0.715278 0.093750 0.169444
4 0.346094 0.688426 0.042188 0.095370
1 0.492708 0.701852 0.083333 0.155556
1 0.407292 0.568519 0.096875 0.198148
1 0.515365 0.918981 0.106771 0.136111
1 0.224219 0.167130 0.097396 0.219444
1 0.218229 0.611111 0.042708 0.127778
2 0.322917 0.589815 0.036458 0.114815
2 0.631510 0.931481 0.031771 0.124074
2 0.677865 0.859259 0.041146 0.109259
2 0.733854 0.743981 0.109375 0.091667
3 0.585417 0.896759 0.054167 0.147222
