3 0.534896 0.600926 0.032292 0.079630
3 0.454688 0.455556 0.032292 0.092593
3 0.454427 0.603704 0.045312 0.068519
3 0.445052 0.537500 0.033854 0.071296
3 0.550521 0.687500 0.040625 0.078704
3 0.492448 0.582870 0.029687 0.095370
1 0.256771 0.708333 0.034375 0.124074
1 0.177604 0.468056 0.064583 0.136111
1 0.028125 0.465278 0.048958 0.069444
1 0.728125 0.699537 0.076042 0.082407
1 0.246354 0.415741 0.057292 0.083333
1 0.220833 0.679630 0.041667 0.079630
3 0.565365 0.925926 0.038021 0.088889
0 0.757812 0.905556 0.168750 0.175926
2 0.789583 0.816667 0.097917 0.055556
2 0.605469 0.859259 0.060937 0.144444
2 0.517188 0.830093 0.028125 0.136111
2 0.538802 0.891667 0.026562 0.133333
2 0.478646 0.768519 0.019792 0.051852
2 0.230469 0.539352 0.021354 0.106481
2 0.131771 0.499074 0.021875 0.064815
2 0.114323 0.565741 0.023438 0.083333
2 0.298958 0.767593 0.034375 0.085185
1 0.326823 0.714352 0.084896 0.143519
4 0.625260 0.193519 0.061979 0.127778
4 0.607552 0.057870 0.165104 0.113889
