3 0.283594 0.355556 0.050521 0.057407
3 0.111719 0.280556 0.032813 0.062963
3 0.093750 0.395833 0.026042 0.062037
3 0.206771 0.541204 0.043750 0.043519
3 0.439323 0.527315 0.038021 0.102778
0 0.534115 0.404167 0.069271 0.128704
3 0.557813 0.808333 0.047917 0.070370
3 0.671615 0.627315 0.070312 0.099074
3 0.664844 0.726852 0.069271 0.111111
3 0.738802 0.696296 0.066146 0.092593
3 0.635677 0.856481 0.034896 0.111111
2 0.709896 0.913889 0.053125 0.075926
2 0.931510 0.925926 0.073438 0.107407
2 0.471875 0.634722 0.029167 0.065741
2 0.554688 0.744444 0.032292 0.068519
2 0.390625 0.610648 0.043750 0.063889
2 0.360938 0.509722 0.037500 0.097222
2 0.359115 0.421296 0.019271 0.081481
2 0.114583 0.549537 0.026042 0.089815
2 0.151823 0.546296 0.021354 0.090741
2 0.118229 0.625463 0.023958 0.058333
2 0.069531 0.514815 0.027604 0.050000
2 0.038021 0.425926 0.014583 0.053704
2 0.011979 0.406019 0.019792 0.049074
1 0.078646 0.248148 0.064583 0.127778
3 0.869271 0.784722 0.184375 0.197222
