2 0.159635 0.592593 0.028646 0.075926
2 0.190885 0.579167 0.030729 0.063889
2 0.216146 0.641667 0.023958 0.059259
2 0.273177 0.623148 0.018229 0.088889
2 0.270573 0.685648 0.019271 0.049074
2 0.301563 0.565278 0.029167 0.073148
2 0.335417 0.613426 0.029167 0.049074
2 0.359635 0.655556 0.028646 0.096296
2 0.373437 0.558796 0.031250 0.086111
2 0.052604 0.478241 0.021875 0.062037
1 0.119010 0.264815 0.047396 0.083333
1 0.394010 0.480556 0.063021 0.124074
1 0.207552 0.452315 0.054688 0.086111
1 0.804167 0.833796 0.131250 0.210185
1 0.582552 0.693519 0.084896 0.222222
3 0.672396 0.598148 0.056250 0.111111
3 0.940104 0.809259 0.098958 0.207407
3 0.306250 0.400463 0.031250 0.108333
3 0.216406 0.325463 0.028646 0.080556
3 0.245052 0.653704 0.026562 0.074074
0 0.685156 0.143519 0.145313 0.268519
0 0.869010 0.229167 0.163021 0.273148
2 0.393229 0.670833 0.026042 0.045370
1 0.677865 0.938426 0.079687 0.104630
