0 0.621094 0.516667 0.039062 0.124074
0 0.634635 0.598148 0.046354 0.112963
0 0.756510 0.570833 0.059896 0.097222
0 0.516406 0.687963 0.066146 0.087037
0 0.548958 0.837037 0.052083 0.077778
0 0.442969 0.455093 0.040104 0.080556
0 0.482552 0.484722 0.043229 0.099074
0 0.595052 0.121296 0.043229 0.124074
0 0.836979 0.483333 0.044792 0.120370
3 0.309375 0.498611 0.040625 0.065741
0 0.842187 0.307870 0.056250 0.110185
0 0.767188 0.328241 0.053125 0.063889
0 0.523438 0.604630 0.057292 0.094444
1 0.322917 0.634259 0.036458 0.105556
1 0.694271 0.836111 0.038542 0.083333
1 0.730208 0.960185 0.048958 0.062963
1 0.865365 0.881019 0.024479 0.115741
0 0.160677 0.129630 0.046354 0.085185
0 0.108594 0.166204 0.034896 0.063889
