3 0.346615 0.570833 0.031771 0.045370
1 0.401042 0.280556 0.026042 0.061111
1 0.400521 0.374074 0.020833 0.027778
1 0.013021 0.301389 0.022917 0.043519
0 0.120052 0.482870 0.027604 0.080556
0 0.677083 0.311574 0.130208 0.167593
0 0.937760 0.356481 0.116146 0.231481
0 0.758594 0.597685 0.202604 0.347222
0 0.794792 0.855556 0.172917 0.229630
0 0.545833 0.744907 0.040625 0.075000
0 0.517448 0.797222 0.028646 0.085185
2 0.139323 0.550000 0.025521 0.101852
2 0.173958 0.574537 0.026042 0.091667
2 0.197656 0.582407 0.017188 0.064815
2 0.396875 0.648148 0.031250 0.111111
2 0.465625 0.799074 0.032292 0.112963
2 0.546354 0.820833 0.021875 0.100926
