0 0.531771 0.150000 0.066667 0.177778
0 0.805469 0.295833 0.104688 0.241667
1 0.938542 0.627778 0.114583 0.162963
0 0.516146 0.283796 0.035417 0.069444
0 0.287760 0.227315 0.041146 0.065741
0 0.157812 0.143519 0.050000 0.057407
2 0.203385 0.359259 0.041146 0.057407
2 0.166146 0.485185 0.022917 0.083333
2 0.121875 0.448148 0.026042 0.066667
2 0.214323 0.524074 0.030729 0.061111
0 0.187500 0.473611 0.028125 0.060185
2 0.341927 0.570833 0.041146 0.054630
2 0.702865 0.891204 0.052604 0.104630
2 0.781250 0.935185 0.039583 0.085185
1 0.209375 0.210648 0.058333 0.076852
1 0.111458 0.112500 0.047917 0.071296
