0 0.465625 0.142593 0.076042 0.161111
0 0.399479 0.207407 0.056250 0.151852
0 0.798177 0.117130 0.104688 0.112037
0 0.579427 0.731944 0.057813 0.100926
2 0.729948 0.844907 0.036979 0.130556
2 0.874219 0.938889 0.051562 0.096296
2 0.675781 0.885648 0.042188 0.125000
2 0.603385 0.895370 0.031771 0.081481
2 0.428385 0.948611 0.039062 0.065741
2 0.313802 0.780093 0.031771 0.119444
2 0.313021 0.670370 0.030208 0.101852
2 0.272656 0.637037 0.032813 0.098148
2 0.212240 0.548611 0.030729 0.102778
2 0.090885 0.451389 0.018229 0.058333
2 0.114583 0.517593 0.026042 0.074074
3 0.423438 0.542593 0.055208 0.098148
3 0.550000 0.449537 0.110417 0.158333
