0 0.394531 0.392130 0.095312 0.167593
0 0.131250 0.100463 0.161458 0.199074
0 0.191927 0.293981 0.089063 0.145370
2 0.123958 0.635648 0.031250 0.099074
2 0.177865 0.669444 0.033854 0.114815
2 0.311719 0.729167 0.027604 0.097222
2 0.350521 0.715741 0.035417 0.100000
2 0.399219 0.708796 0.033854 0.062037
2 0.432292 0.669907 0.016667 0.062037
2 0.276562 0.562963 0.041667 0.053704
2 0.572917 0.928704 0.035417 0.105556
2 0.690104 0.656944 0.052083 0.117593
0 0.920052 0.258796 0.113021 0.165741
0 0.108854 0.401389 0.039583 0.108333
0 0.511198 0.796759 0.036979 0.130556
