0 0.927865 0.187037 0.132812 0.188889
0 0.685156 0.179167 0.097396 0.180556
0 0.659115 0.608796 0.098437 0.154630
1 0.797656 0.756019 0.076563 0.193519
2 0.604688 0.931944 0.055208 0.115741
2 0.509115 0.913889 0.049479 0.146296
2 0.486719 0.732407 0.036979 0.083333
2 0.670312 0.880556 0.034375 0.066667
2 0.263802 0.625926 0.032813 0.051852
2 0.096354 0.543056 0.033333 0.078704
2 0.356250 0.603704 0.031250 0.038889
1 0.342708 0.861574 0.061458 0.160185
0 0.322917 0.319907 0.062500 0.086111
0 0.579948 0.121759 0.117188 0.215741
1 0.181250 0.615278 0.040625 0.087963
1 0.131250 0.654630 0.033333 0.090741
3 0.079167 0.624537 0.028125 0.045370
3 0.473958 0.617593 0.028125 0.118519
2 0.763021 0.962500 0.023958 0.054630
3 0.719531 0.894444 0.049479 0.114815
