4 0.777344 0.272685 0.108854 0.245370
1 0.929948 0.732870 0.124479 0.265741
1 0.515104 0.735185 0.045833 0.146296
1 0.335417 0.872222 0.080208 0.088889
1 0.277604 0.533333 0.079167 0.105556
1 0.111719 0.465741 0.042188 0.072222
1 0.119531 0.540741 0.043229 0.074074
1 0.072396 0.525926 0.044792 0.066667
3 0.021094 0.452315 0.027604 0.049074
4 0.286719 0.734722 0.051562 0.097222
4 0.251042 0.792130 0.040625 0.067593
4 0.616927 0.850463 0.052604 0.073148
4 0.448698 0.806944 0.041146 0.158333
2 0.463802 0.515278 0.067187 0.178704
2 0.547396 0.597685 0.045833 0.099074
2 0.329427 0.645370 0.028646 0.105556
2 0.676042 0.947685 0.037500 0.078704
4 0.519792 0.886574 0.071875 0.139815
4 0.208333 0.688426 0.043750 0.065741
