1 0.339062 0.413889 0.068750 0.164815
1 0.394010 0.630093 0.079687 0.160185
3 0.374740 0.821296 0.072396 0.109259
3 0.103906 0.378704 0.059896 0.105556
3 0.050260 0.343056 0.044271 0.084259
2 0.016406 0.414815 0.029687 0.061111
2 0.116146 0.532870 0.025000 0.075000
2 0.086979 0.525926 0.025000 0.057407
2 0.057292 0.448148 0.029167 0.048148
2 0.010937 0.483333 0.012500 0.050000
2 0.196354 0.575926 0.023958 0.066667
2 0.319010 0.708333 0.035937 0.092593
2 0.276302 0.812500 0.027604 0.106481
2 0.313021 0.828241 0.023958 0.069444
0 0.185156 0.718519 0.063021 0.109259
3 0.104427 0.596759 0.044271 0.032407
1 0.140625 0.648611 0.056250 0.056481
1 0.154167 0.561574 0.035417 0.108333
