3 0.393229 0.122222 0.035417 0.094444
3 0.371615 0.038426 0.036979 0.065741
3 0.432812 0.153241 0.023958 0.062037
3 0.395052 0.264352 0.046354 0.091667
1 0.376823 0.361574 0.090104 0.232407
1 0.473438 0.279167 0.069792 0.075000
1 0.733594 0.635185 0.125521 0.168519
3 0.492708 0.522685 0.030208 0.076852
3 0.534896 0.515741 0.025000 0.062963
3 0.521615 0.655556 0.032813 0.061111
3 0.517969 0.716667 0.028646 0.070370
2 0.424219 0.629167 0.038021 0.112037
2 0.410156 0.747222 0.033854 0.101852
2 0.469792 0.668056 0.037500 0.104630
2 0.566146 0.828241 0.028125 0.067593
2 0.702865 0.906481 0.060937 0.153704
2 0.651823 0.902778 0.041146 0.103704
2 0.554167 0.695833 0.037500 0.115741
2 0.880208 0.831944 0.059375 0.117593
2 0.809375 0.694444 0.039583 0.118519
2 0.647656 0.780556 0.054688 0.087037
1 0.568229 0.380093 0.121875 0.186111
1 0.761198 0.798148 0.080729 0.131481
