1 0.262760 0.370370 0.055729 0.074074
0 0.880469 0.129630 0.228646 0.224074
0 0.913021 0.363889 0.162500 0.244444
0 0.924740 0.734259 0.138021 0.251852
0 0.843490 0.589352 0.102604 0.125000
3 0.242708 0.585185 0.047917 0.040741
3 0.259375 0.474074 0.020833 0.068519
1 0.346094 0.278241 0.049479 0.082407
1 0.195833 0.714815 0.056250 0.105556
2 0.109115 0.362037 0.030729 0.114815
2 0.399740 0.679630 0.044271 0.135185
2 0.435156 0.604167 0.035937 0.084259
2 0.365365 0.796296 0.027604 0.120370
2 0.117969 0.494444 0.031771 0.140741
