0 0.527344 0.678241 0.043229 0.075000
0 0.489323 0.580093 0.058854 0.056481
3 0.367969 0.526852 0.040104 0.055556
3 0.314063 0.655556 0.030208 0.057407
3 0.230729 0.449074 0.030208 0.057407
3 0.353906 0.698148 0.022396 0.046296
2 0.523958 0.775926 0.037500 0.112963
2 0.413281 0.709722 0.041146 0.054630
3 0.266146 0.687963 0.032292 0.074074
2 0.312240 0.585648 0.043229 0.063889
2 0.186719 0.522685 0.027604 0.087963
2 0.174740 0.436111 0.042188 0.081481
2 0.165365 0.367130 0.030729 0.050926
2 0.161458 0.576852 0.022917 0.075926
1 0.265365 0.789815 0.054688 0.118519
1 0.366146 0.400463 0.054167 0.139815
2 0.016406 0.493519 0.023438 0.085185
2 0.047396 0.479167 0.026042 0.067593
