1 0.901042 0.513426 0.164583 0.250926
2 0.681771 0.845370 0.046875 0.120370
3 0.632031 0.521296 0.056771 0.103704
2 0.412240 0.849074 0.017188 0.059259
2 0.644792 0.917130 0.031250 0.076852
2 0.186458 0.584259 0.031250 0.100000
2 0.213802 0.552778 0.020313 0.055556
2 0.155729 0.559722 0.026042 0.065741
2 0.095573 0.531481 0.030729 0.068519
2 0.079427 0.469444 0.028646 0.040741
2 0.775260 0.704167 0.110937 0.080556
2 0.923958 0.771759 0.102083 0.073148
2 0.756771 0.972685 0.063542 0.041667
3 0.183073 0.453241 0.017188 0.073148
3 0.205208 0.456944 0.020833 0.065741
3 0.028125 0.556019 0.029167 0.050926
3 0.760417 0.810648 0.066667 0.073148
3 0.843229 0.807870 0.050000 0.136111
1 0.722917 0.499074 0.126042 0.172222
4 0.389323 0.626389 0.068229 0.136111
