3 0.651302 0.619444 0.108854 0.114815
3 0.566406 0.805093 0.056771 0.102778
3 0.914844 0.728241 0.085938 0.169444
3 0.441146 0.781481 0.050000 0.088889
3 0.477604 0.813426 0.033333 0.071296
3 0.444792 0.533333 0.038542 0.075926
3 0.529167 0.600926 0.038542 0.140741
3 0.647656 0.317130 0.058854 0.075000
1 0.195312 0.380093 0.061458 0.108333
1 0.412760 0.609259 0.100521 0.150000
1 0.491667 0.657407 0.044792 0.066667
1 0.344792 0.704630 0.050000 0.087037
1 0.718229 0.782407 0.060417 0.129630
2 0.046875 0.506019 0.025000 0.073148
2 0.188542 0.536574 0.021875 0.069444
2 0.161719 0.471759 0.022396 0.058333
2 0.071615 0.476852 0.014063 0.048148
2 0.126042 0.543519 0.020833 0.101852
2 0.745833 0.926389 0.058333 0.143519
2 0.550000 0.872222 0.033333 0.057407
2 0.822656 0.624537 0.078646 0.060185
1 0.295312 0.546296 0.048958 0.153704
1 0.430469 0.872222 0.063021 0.092593
