0 0.463542 0.267130 0.071875 0.163889
3 0.678646 0.678241 0.041667 0.139815
0 0.328906 0.146759 0.080729 0.134259
0 0.203906 0.222685 0.082812 0.137963
0 0.243750 0.096296 0.114583 0.181481
0 0.125781 0.412500 0.066146 0.080556
0 0.718750 0.103704 0.121875 0.205556
0 0.555729 0.466667 0.111458 0.161111
0 0.806250 0.651389 0.106250 0.162037
0 0.737760 0.531481 0.114062 0.185185
2 0.411198 0.612500 0.033854 0.067593
2 0.445312 0.853704 0.026042 0.135185
2 0.468750 0.863889 0.022917 0.103704
2 0.510156 0.913426 0.039062 0.139815
2 0.578906 0.918519 0.041146 0.151852
2 0.271354 0.572222 0.034375 0.059259
2 0.089844 0.547222 0.035937 0.075926
