3 0.782292 0.251389 0.036458 0.095370
3 0.836198 0.758796 0.060937 0.154630
3 0.317708 0.493519 0.036458 0.081481
0 0.311979 0.114352 0.119792 0.217593
0 0.423177 0.178241 0.090104 0.152778
0 0.285156 0.265278 0.098437 0.152778
0 0.240365 0.210185 0.110937 0.185185
0 0.582292 0.319444 0.112500 0.225926
0 0.694010 0.530556 0.136979 0.200000
0 0.565365 0.479630 0.133854 0.150000
2 0.133333 0.599074 0.027083 0.094444
2 0.335938 0.621759 0.034375 0.082407
2 0.509115 0.674537 0.031771 0.047222
2 0.550260 0.909259 0.031771 0.125926
2 0.607292 0.958796 0.035417 0.069444
2 0.692969 0.956019 0.043229 0.078704
4 0.895833 0.880093 0.104167 0.175000
