0 0.540625 0.489815 0.095833 0.161111
0 0.683594 0.591667 0.126562 0.150000
0 0.803646 0.698148 0.088542 0.161111
0 0.355469 0.514352 0.071354 0.149074
2 0.498437 0.599074 0.041667 0.096296
2 0.539583 0.718056 0.036458 0.121296
2 0.572656 0.709722 0.029687 0.123148
2 0.598958 0.679630 0.022917 0.055556
2 0.647656 0.717130 0.036979 0.093519
2 0.667969 0.844907 0.032813 0.158333
2 0.629687 0.793056 0.046875 0.054630
2 0.722656 0.822685 0.046354 0.112037
2 0.761458 0.823611 0.031250 0.076852
0 0.809896 0.912037 0.143750 0.150000
2 0.958073 0.715278 0.064062 0.104630
2 0.870573 0.750000 0.039062 0.135185
2 0.902083 0.834259 0.045833 0.137037
