0 0.727083 0.469907 0.118750 0.178704
0 0.594531 0.795833 0.114062 0.226852
0 0.227083 0.306944 0.092708 0.119444
0 0.497135 0.592593 0.116146 0.177778
2 0.679167 0.779167 0.034375 0.093519
2 0.680990 0.868981 0.036979 0.097222
2 0.524219 0.789815 0.031771 0.107407
2 0.514323 0.693056 0.025521 0.060185
2 0.308594 0.649074 0.034896 0.051852
0 0.421094 0.308796 0.046354 0.169444
4 0.460938 0.213426 0.084375 0.121296
0 0.645573 0.044444 0.128646 0.085185
0 0.397135 0.807870 0.074479 0.104630
0 0.779948 0.871296 0.132812 0.231481
