1 0.765625 0.564352 0.095833 0.112037
1 0.630990 0.559722 0.053646 0.134259
3 0.679948 0.550463 0.036979 0.110185
3 0.313542 0.386574 0.032292 0.060185
3 0.547135 0.205556 0.025521 0.064815
3 0.168490 0.523611 0.031771 0.045370
0 0.073438 0.469444 0.065625 0.090741
1 0.135937 0.633333 0.048958 0.044444
0 0.085156 0.334722 0.067187 0.091667
0 0.703906 0.834259 0.109896 0.181481
0 0.570573 0.941204 0.126562 0.100926
0 0.090625 0.205556 0.069792 0.172222
2 0.467187 0.874074 0.043750 0.131481
2 0.804427 0.938426 0.042188 0.102778
2 0.519531 0.695833 0.035937 0.065741
