1 0.772656 0.565278 0.088021 0.108333
1 0.636719 0.565278 0.050521 0.099074
3 0.688802 0.554167 0.032813 0.121296
3 0.554688 0.213426 0.028125 0.073148
3 0.170573 0.525000 0.031771 0.051852
3 0.317448 0.388889 0.030729 0.068519
1 0.136198 0.627778 0.050521 0.040741
0 0.075000 0.463426 0.063542 0.082407
0 0.087240 0.337037 0.065104 0.088889
0 0.090625 0.195370 0.062500 0.162963
0 0.575521 0.944907 0.125000 0.091667
0 0.708854 0.826389 0.115625 0.158333
2 0.470833 0.889352 0.039583 0.123148
2 0.523177 0.698611 0.038021 0.065741
2 0.823958 0.946759 0.048958 0.089815
