0 0.288021 0.348611 0.092708 0.158333
0 0.072656 0.069907 0.119271 0.128704
0 0.689323 0.456019 0.098437 0.210185
0 0.401823 0.713426 0.034896 0.112037
2 0.234896 0.658796 0.034375 0.093519
2 0.272396 0.638889 0.033333 0.101852
2 0.318229 0.638889 0.025000 0.077778
2 0.347396 0.611574 0.022917 0.069444
2 0.446875 0.807407 0.026042 0.111111
2 0.476562 0.732407 0.031250 0.070370
2 0.204427 0.507407 0.036979 0.057407
2 0.122396 0.604630 0.032292 0.100000
2 0.073958 0.575000 0.027083 0.081481
2 0.892969 0.901852 0.050521 0.177778
0 0.112760 0.250000 0.068229 0.109259
1 0.175781 0.551852 0.038021 0.079630
1 0.115885 0.487500 0.027604 0.050926
0 0.022656 0.546759 0.038021 0.071296
0 0.699219 0.670370 0.078646 0.125926
