4 0.293490 0.420370 0.063021 0.085185
4 0.357812 0.415741 0.057292 0.137037
4 0.567708 0.821296 0.101042 0.148148
2 0.108073 0.452778 0.075521 0.050000
2 0.278385 0.623148 0.026562 0.088889
2 0.261719 0.752778 0.024479 0.087037
2 0.721094 0.932407 0.043229 0.125926
1 0.795833 0.883333 0.130208 0.188889
1 0.647917 0.803704 0.072917 0.144444
0 0.470313 0.353704 0.085417 0.125926
1 0.640885 0.606019 0.047396 0.119444
1 0.171615 0.488426 0.039062 0.100926
4 0.175000 0.314815 0.040625 0.061111
4 0.120573 0.279630 0.054688 0.081481
4 0.046875 0.371759 0.054167 0.087963
3 0.145573 0.688889 0.039062 0.075926
