4 0.900260 0.866667 0.129688 0.207407
4 0.081250 0.511111 0.079167 0.100000
4 0.505729 0.897685 0.060417 0.121296
2 0.087240 0.319444 0.029687 0.090741
2 0.054688 0.426389 0.017708 0.052778
2 0.234375 0.553241 0.025000 0.080556
2 0.531771 0.687963 0.039583 0.140741
2 0.507031 0.756944 0.036979 0.112037
2 0.571615 0.765741 0.036979 0.142593
1 0.167708 0.491204 0.054167 0.087963
1 0.709375 0.201852 0.184375 0.275926
1 0.389844 0.161111 0.149479 0.272222
3 0.700260 0.534259 0.101562 0.203704
3 0.624740 0.587037 0.036979 0.105556
3 0.576302 0.639815 0.049479 0.075926
1 0.371354 0.587500 0.065625 0.149074
3 0.794010 0.589352 0.126562 0.206481
