4 0.504687 0.468981 0.105208 0.147222
4 0.335417 0.350000 0.053125 0.105556
4 0.112760 0.574074 0.082812 0.138889
4 0.597917 0.311111 0.077083 0.133333
1 0.060156 0.116204 0.054688 0.128704
1 0.214323 0.457870 0.073438 0.149074
1 0.289583 0.756944 0.070833 0.112037
1 0.457552 0.797222 0.069271 0.114815
2 0.178125 0.653241 0.033333 0.095370
2 0.163021 0.489815 0.017708 0.081481
4 0.284375 0.357870 0.040625 0.121296
3 0.225521 0.635648 0.053125 0.110185
3 0.397656 0.859259 0.069271 0.101852
3 0.328906 0.618056 0.041146 0.067593
1 0.695052 0.829167 0.156771 0.265741
